A = [2 9 0 0
     0 4 1 4
     7 5 5 1
     7 8 7 4];

b = [-1
      6
      0
      9];

a = [3 -2 4 -5];

A.*b
a+4
b.*a
a.*b'
A.*a'
A\b
A*ans-b